
Regshot 1.9.0 x86 Unicode
Comments: 
Datetime: 2022/1/5 17:00:26  ,  2022/1/5 17:02:50
Computer: DESKTOP-K41RMGA , DESKTOP-K41RMGA
Username: luca , luca

----------------------------------
Values added: 4
----------------------------------
HKU\S-1-5-21-969113115-526510690-1455369939-1001\SOFTWARE\Microsoft\Windows\CurrentVersion\Explorer\FeatureUsage\AppSwitched\{1AC14E77-02E7-4E5D-B744-2EB1AE5198B7}\cmd.exe: 0x00000001
HKU\S-1-5-21-969113115-526510690-1455369939-1001\SOFTWARE\Microsoft\Windows\CurrentVersion\Explorer\FeatureUsage\AppSwitched\C:\Users\luca\Desktop\process monitor\Procmon64.exe: 0x00000001
HKU\S-1-5-21-969113115-526510690-1455369939-1001\SOFTWARE\Classes\Local Settings\Software\Microsoft\Windows\CurrentVersion\AppModel\SystemAppData\Microsoft.Windows.ShellExperienceHost_cw5n1h2txyewy\WasEverActivated: 0x00000001
HKU\S-1-5-21-969113115-526510690-1455369939-1001_Classes\Local Settings\Software\Microsoft\Windows\CurrentVersion\AppModel\SystemAppData\Microsoft.Windows.ShellExperienceHost_cw5n1h2txyewy\WasEverActivated: 0x00000001

----------------------------------
Values modified: 10
----------------------------------
HKU\S-1-5-21-969113115-526510690-1455369939-1001\SOFTWARE\Microsoft\OneDrive\Accounts\LastUpdate:  5F CE D5 61 00 00 00 00
HKU\S-1-5-21-969113115-526510690-1455369939-1001\SOFTWARE\Microsoft\OneDrive\Accounts\LastUpdate:  93 CF D5 61 00 00 00 00
HKU\S-1-5-21-969113115-526510690-1455369939-1001\SOFTWARE\Microsoft\Windows\CurrentVersion\ActivityDataModel\ReaderRevisionInfo\2BB7F863-13C7-C05D-D62C-B25E6098488A:  31 00 33 00 30 00 7B 0A 20 20 20 22 44 61 74 61 62 61 73 65 49 6E 73 74 61 6E 63 65 49 64 22 20 3A 20 32 31 39 38 32 2C 0A 20 20 20 22 53 65 71 75 65 6E 63 65 22 20 3A 20 35 33 38 2C 0A 20 20 20 22 61 63 74 69 76 69 74 79 53 74 6F 72 65 49 64 22 20 3A 20 22 32 42 42 37 46 38 36 33 2D 31 33 43 37 2D 43 30 35 44 2D 44 36 32 43 2D 42 32 35 45 36 30 39 38 34 38 38 41 22 2C 0A 20 20 20 22 66 69 6C 74 65 72 22 20 3A 20 7B 0A 20 20 20 20 20 20 22 69 73 52 65 61 64 46 69 6C 74 65 72 22 20 3A 20 30 2C 0A 20 20 20 20 20 20 22 6F 72 69 67 69 6E 46 69 6C 74 65 72 4B 65 79 22 20 3A 20 30 2C 0A 20 20 20 20 20 20 22 73 74 61 74 65 46 69 6C 74 65 72 4B 65 79 22 20 3A 20 30 2C 0A 20 20 20 20 20 20 22 75 73 65 72 41 63 74 69 6F 6E 53 74 61 74 65 46 69 6C 74 65 72 22 20 3A 20 30 0A 20 20 20 7D 0A 7D 0A 00 00
HKU\S-1-5-21-969113115-526510690-1455369939-1001\SOFTWARE\Microsoft\Windows\CurrentVersion\ActivityDataModel\ReaderRevisionInfo\2BB7F863-13C7-C05D-D62C-B25E6098488A:  31 00 33 00 30 00 7B 0A 20 20 20 22 44 61 74 61 62 61 73 65 49 6E 73 74 61 6E 63 65 49 64 22 20 3A 20 32 31 39 38 32 2C 0A 20 20 20 22 53 65 71 75 65 6E 63 65 22 20 3A 20 35 35 33 2C 0A 20 20 20 22 61 63 74 69 76 69 74 79 53 74 6F 72 65 49 64 22 20 3A 20 22 32 42 42 37 46 38 36 33 2D 31 33 43 37 2D 43 30 35 44 2D 44 36 32 43 2D 42 32 35 45 36 30 39 38 34 38 38 41 22 2C 0A 20 20 20 22 66 69 6C 74 65 72 22 20 3A 20 7B 0A 20 20 20 20 20 20 22 69 73 52 65 61 64 46 69 6C 74 65 72 22 20 3A 20 30 2C 0A 20 20 20 20 20 20 22 6F 72 69 67 69 6E 46 69 6C 74 65 72 4B 65 79 22 20 3A 20 30 2C 0A 20 20 20 20 20 20 22 73 74 61 74 65 46 69 6C 74 65 72 4B 65 79 22 20 3A 20 30 2C 0A 20 20 20 20 20 20 22 75 73 65 72 41 63 74 69 6F 6E 53 74 61 74 65 46 69 6C 74 65 72 22 20 3A 20 30 0A 20 20 20 7D 0A 7D 0A 00 00
HKU\S-1-5-21-969113115-526510690-1455369939-1001\SOFTWARE\Microsoft\Windows\CurrentVersion\Explorer\UserAssist\{CEBFF5CD-ACE2-4F4F-9178-9926F41749EA}\Count\HRZR_PGYFRFFVBA:  00 00 00 00 81 00 00 00 EC 00 00 00 60 D2 47 00 0E 00 00 00 15 00 00 00 A0 68 06 00 4D 00 69 00 63 00 72 00 6F 00 73 00 6F 00 66 00 74 00 2E 00 47 00 65 00 74 00 73 00 74 00 61 00 72 00 74 00 65 00 64 00 5F 00 38 00 77 00 65 00 6B 00 79 00 62 00 33 00 64 00 38 00 62 00 62 00 77 00 65 00 21 00 41 00 70 00 70 00 00 00 00 00 00 00 00 00 00 00 00 00 00 00 00 00 00 00 00 00 00 00 00 00 00 00 00 00 00 00 00 00 00 00 00 00 00 00 00 00 00 00 00 00 00 00 00 00 00 00 00 00 00 00 00 00 00 00 00 00 00 00 00 00 00 00 00 00 00 00 00 00 00 00 00 00 00 00 00 00 00 00 00 00 00 00 00 00 00 00 00 00 00 00 00 00 00 00 00 00 00 00 00 00 00 00 00 00 00 00 00 00 00 00 00 00 00 00 00 00 00 00 00 00 00 00 00 00 00 00 00 00 00 00 00 00 00 00 00 00 00 00 00 00 00 00 00 00 00 00 00 00 00 00 00 00 00 00 00 00 00 00 00 00 00 00 00 00 00 00 00 0
0 00 00 00 00 00 00 00 00 00 00 00 00 00 00 00 00 00 00 00 00 00 00 00 00 00 00 00 00 00 00 00 00 00 00 00 00 00 00 00 00 00 00 00 00 00 00 00 00 00 00 00 00 00 00 00 00 00 00 00 00 00 00 00 00 00 00 00 00 00 00 00 00 00 00 00 00 00 00 00 00 00 00 00 00 00 00 00 00 00 00 00 00 00 00 00 00 00 00 00 00 00 00 00 00 00 00 00 00 00 00 00 00 00 00 00 00 00 00 00 00 00 00 00 00 00 00 00 00 00 00 00 00 00 00 00 00 00 00 00 00 00 00 00 00 00 00 00 00 00 00 00 00 00 00 00 00 00 00 00 00 00 00 00 00 00 00 00 00 00 00 00 00 00 00 00 00 00 00 00 00 00 00 00 00 00 00 00 00 00 00 00 00 00 00 00 00 00 00 00 00 00 00 00 00 00 00 00 00 00 00 00 00 00 00 00 00 00 00 00 00 00 00 00 00 00 00 00 00 00 00 00 00 00 00 00 00 00 00 00 00 00 00 00 00 00 00 00 00 00 00 00 00 00 00 00 00 00 00 00 00 00 00 00 00 00 00 00 00 00 00 00 00 0C 00 00 00 2D 00 00 00 A2 77 09 00 4D 00 69 00 63 00 72 00 6F 00 73 00 6F 00 66 00 74 00 2E 00 57 00 69 00 6E 00 64 00 6F 00 77 00 73 00 2E 00 45 00 78 00 70 00 6C 00 6F 00 72 00 65
 00 72 00 00 00 00 00 00 00 00 00 00 00 00 00 00 00 00 00 00 00 00 00 00 00 00 00 00 00 00 00 00 00 00 00 00 00 00 00 00 00 00 00 00 00 00 00 00 00 00 00 00 00 00 00 00 00 00 00 00 00 00 00 00 00 00 00 00 00 00 00 00 00 00 00 00 00 00 00 00 00 00 00 00 00 00 00 00 00 00 00 00 00 00 00 00 00 00 00 00 00 00 00 00 00 00 00 00 00 00 00 00 00 00 00 00 00 00 00 00 00 00 00 00 00 00 00 00 00 00 00 00 00 00 00 00 00 00 00 00 00 00 00 00 00 00 00 00 00 00 00 00 00 00 00 00 00 00 00 00 00 00 00 00 00 00 00 00 00 00 00 00 00 00 00 00 00 00 00 00 00 00 00 00 00 00 00 00 00 00 00 00 00 00 00 00 00 00 00 00 00 00 00 00 00 00 00 00 00 00 00 00 00 00 00 00 00 00 00 00 00 00 00 00 00 00 00 00 00 00 00 00 00 00 00 00 00 00 00 00 00 00 00 00 00 00 00 00 00 00 00 00 00 00 00 00 00 00 00 00 00 00 00 00 00 00 00 00 00 00 00 00 00 00 00 00 00 00 00 00 00 00 00 00 00 00 00 00 00 00 00 00 00 00 00 00 00 00 00 00 00 00 00 00 00 00 00 00 00 00 00 00 00 00 00 00 00 00 00 00 00 00 00 00 00 00 00 00 00 00 00 00 00 
00 00 00 00 00 00 00 00 00 00 00 00 00 00 00 00 00 00 00 00 00 00 00 00 00 00 00 00 00 00 00 00 00 00 00 00 00 00 00 00 00 00 00 00 00 00 00 00 00 00 00 00 00 00 00 00 00 00 00 00 00 00 00 00 00 00 00 00 00 00 00 00 00 00 00 00 00 00 00 00 00 00 00 00 00 00 00 00 00 00 00 00 00 00 00 00 00 00 00 00 00 00 00 00 00 00 00 00 00 00 00 00 00 00 00 00 00 00 00 00 00 00 00 00 00 00 00 00 00 00 00 00 00 00 00 00 00 00 0C 00 00 00 2D 00 00 00 A2 77 09 00 4D 00 69 00 63 00 72 00 6F 00 73 00 6F 00 66 00 74 00 2E 00 57 00 69 00 6E 00 64 00 6F 00 77 00 73 00 2E 00 45 00 78 00 70 00 6C 00 6F 00 72 00 65 00 72 00 00 00 00 00 00 00 00 00 00 00 00 00 00 00 00 00 00 00 00 00 00 00 00 00 00 00 00 00 00 00 00 00 00 00 00 00 00 00 00 00 00 00 00 00 00 00 00 00 00 00 00 00 00 00 00 00 00 00 00 00 00 00 00 00 00 00 00 00 00 00 00 00 00 00 00 00 00 00 00 00 00 00 00 00 00 00 00 00 00 00 00 00 00 00 00 00 00 00 00 00 00 00 00 00 00 00 00 00 00 00 00 00 00 00 00 00 00 00 00 00 00 00 00 00 00 00 00 00 00 00 00 0
0 00 00 00 00 00 00 00 00 00 00 00 00 00 00 00 00 00 00 00 00 00 00 00 00 00 00 00 00 00 00 00 00 00 00 00 00 00 00 00 00 00 00 00 00 00 00 00 00 00 00 00 00 00 00 00 00 00 00 00 00 00 00 00 00 00 00 00 00 00 00 00 00 00 00 00 00 00 00 00 00 00 00 00 00 00 00 00 00 00 00 00 00 00 00 00 00 00 00 00 00 00 00 00 00 00 00 00 00 00 00 00 00 00 00 00 00 00 00 00 00 00 00 00 00 00 00 00 00 00 00 00 00 00 00 00 00 00 00 00 00 00 00 00 00 00 00 00 00 00 00 00 00 00 00 00 00 00 00 00 00 00 00 00 00 00 00 00 00 00 00 00 00 00 00 00 00 00 00 00 00 00 00 00 00 00 00 00 00 00 00 00 00 00 00 00 00 00 00 00 00 00 00 00 00 00 00 00 00 00 00 00 00 00 00 00 00 00 00 00 00 00 00 00 00 00 00 00 00 00 00 00 00 00 00 00 00 00 00 00 00 00 00 00 00 00 00 00 00 00 00 00 00 00 00 00 00 00 00 00 00 00 00 00 00 00 00 00 00 00 00 00 00 00 00 00 00 00 00 00 00 00 00 00 00 00 00 00 00 00 00 00 00 00 00 00 00 00 00 00 00 00 00 00 00 00 00 00 00 00 00 00 00 00 00 00 00 00 00 00 00 00 00 00 00 00 00 00 00 00 00 00 00 00
 00 00 00
HKU\S-1-5-21-969113115-526510690-1455369939-1001\SOFTWARE\Microsoft\Windows\CurrentVersion\Explorer\UserAssist\{CEBFF5CD-ACE2-4F4F-9178-9926F41749EA}\Count\HRZR_PGYFRFFVBA:  00 00 00 00 81 00 00 00 EF 00 00 00 7D 16 48 00 0E 00 00 00 15 00 00 00 A0 68 06 00 4D 00 69 00 63 00 72 00 6F 00 73 00 6F 00 66 00 74 00 2E 00 47 00 65 00 74 00 73 00 74 00 61 00 72 00 74 00 65 00 64 00 5F 00 38 00 77 00 65 00 6B 00 79 00 62 00 33 00 64 00 38 00 62 00 62 00 77 00 65 00 21 00 41 00 70 00 70 00 00 00 00 00 00 00 00 00 00 00 00 00 00 00 00 00 00 00 00 00 00 00 00 00 00 00 00 00 00 00 00 00 00 00 00 00 00 00 00 00 00 00 00 00 00 00 00 00 00 00 00 00 00 00 00 00 00 00 00 00 00 00 00 00 00 00 00 00 00 00 00 00 00 00 00 00 00 00 00 00 00 00 00 00 00 00 00 00 00 00 00 00 00 00 00 00 00 00 00 00 00 00 00 00 00 00 00 00 00 00 00 00 00 00 00 00 00 00 00 00 00 00 00 00 00 00 00 00 00 00 00 00 00 00 00 00 00 00 00 00 00 00 00 00 00 00 00 00 00 00 00 00 00 00 00 00 00 00 00 00 00 00 00 00 00 00 00 00 00 00 00 0
0 00 00 00 00 00 00 00 00 00 00 00 00 00 00 00 00 00 00 00 00 00 00 00 00 00 00 00 00 00 00 00 00 00 00 00 00 00 00 00 00 00 00 00 00 00 00 00 00 00 00 00 00 00 00 00 00 00 00 00 00 00 00 00 00 00 00 00 00 00 00 00 00 00 00 00 00 00 00 00 00 00 00 00 00 00 00 00 00 00 00 00 00 00 00 00 00 00 00 00 00 00 00 00 00 00 00 00 00 00 00 00 00 00 00 00 00 00 00 00 00 00 00 00 00 00 00 00 00 00 00 00 00 00 00 00 00 00 00 00 00 00 00 00 00 00 00 00 00 00 00 00 00 00 00 00 00 00 00 00 00 00 00 00 00 00 00 00 00 00 00 00 00 00 00 00 00 00 00 00 00 00 00 00 00 00 00 00 00 00 00 00 00 00 00 00 00 00 00 00 00 00 00 00 00 00 00 00 00 00 00 00 00 00 00 00 00 00 00 00 00 00 00 00 00 00 00 00 00 00 00 00 00 00 00 00 00 00 00 00 00 00 00 00 00 00 00 00 00 00 00 00 00 00 00 00 00 00 00 00 00 00 00 00 00 00 00 00 00 00 00 00 00 0C 00 00 00 2D 00 00 00 A2 77 09 00 4D 00 69 00 63 00 72 00 6F 00 73 00 6F 00 66 00 74 00 2E 00 57 00 69 00 6E 00 64 00 6F 00 77 00 73 00 2E 00 45 00 78 00 70 00 6C 00 6F 00 72 00 65
 00 72 00 00 00 00 00 00 00 00 00 00 00 00 00 00 00 00 00 00 00 00 00 00 00 00 00 00 00 00 00 00 00 00 00 00 00 00 00 00 00 00 00 00 00 00 00 00 00 00 00 00 00 00 00 00 00 00 00 00 00 00 00 00 00 00 00 00 00 00 00 00 00 00 00 00 00 00 00 00 00 00 00 00 00 00 00 00 00 00 00 00 00 00 00 00 00 00 00 00 00 00 00 00 00 00 00 00 00 00 00 00 00 00 00 00 00 00 00 00 00 00 00 00 00 00 00 00 00 00 00 00 00 00 00 00 00 00 00 00 00 00 00 00 00 00 00 00 00 00 00 00 00 00 00 00 00 00 00 00 00 00 00 00 00 00 00 00 00 00 00 00 00 00 00 00 00 00 00 00 00 00 00 00 00 00 00 00 00 00 00 00 00 00 00 00 00 00 00 00 00 00 00 00 00 00 00 00 00 00 00 00 00 00 00 00 00 00 00 00 00 00 00 00 00 00 00 00 00 00 00 00 00 00 00 00 00 00 00 00 00 00 00 00 00 00 00 00 00 00 00 00 00 00 00 00 00 00 00 00 00 00 00 00 00 00 00 00 00 00 00 00 00 00 00 00 00 00 00 00 00 00 00 00 00 00 00 00 00 00 00 00 00 00 00 00 00 00 00 00 00 00 00 00 00 00 00 00 00 00 00 00 00 00 00 00 00 00 00 00 00 00 00 00 00 00 00 00 00 00 00 00 00 
00 00 00 00 00 00 00 00 00 00 00 00 00 00 00 00 00 00 00 00 00 00 00 00 00 00 00 00 00 00 00 00 00 00 00 00 00 00 00 00 00 00 00 00 00 00 00 00 00 00 00 00 00 00 00 00 00 00 00 00 00 00 00 00 00 00 00 00 00 00 00 00 00 00 00 00 00 00 00 00 00 00 00 00 00 00 00 00 00 00 00 00 00 00 00 00 00 00 00 00 00 00 00 00 00 00 00 00 00 00 00 00 00 00 00 00 00 00 00 00 00 00 00 00 00 00 00 00 00 00 00 00 00 00 00 00 00 00 0C 00 00 00 2D 00 00 00 A2 77 09 00 4D 00 69 00 63 00 72 00 6F 00 73 00 6F 00 66 00 74 00 2E 00 57 00 69 00 6E 00 64 00 6F 00 77 00 73 00 2E 00 45 00 78 00 70 00 6C 00 6F 00 72 00 65 00 72 00 00 00 00 00 00 00 00 00 00 00 00 00 00 00 00 00 00 00 00 00 00 00 00 00 00 00 00 00 00 00 00 00 00 00 00 00 00 00 00 00 00 00 00 00 00 00 00 00 00 00 00 00 00 00 00 00 00 00 00 00 00 00 00 00 00 00 00 00 00 00 00 00 00 00 00 00 00 00 00 00 00 00 00 00 00 00 00 00 00 00 00 00 00 00 00 00 00 00 00 00 00 00 00 00 00 00 00 00 00 00 00 00 00 00 00 00 00 00 00 00 00 00 00 00 00 00 00 00 00 00 00 0
0 00 00 00 00 00 00 00 00 00 00 00 00 00 00 00 00 00 00 00 00 00 00 00 00 00 00 00 00 00 00 00 00 00 00 00 00 00 00 00 00 00 00 00 00 00 00 00 00 00 00 00 00 00 00 00 00 00 00 00 00 00 00 00 00 00 00 00 00 00 00 00 00 00 00 00 00 00 00 00 00 00 00 00 00 00 00 00 00 00 00 00 00 00 00 00 00 00 00 00 00 00 00 00 00 00 00 00 00 00 00 00 00 00 00 00 00 00 00 00 00 00 00 00 00 00 00 00 00 00 00 00 00 00 00 00 00 00 00 00 00 00 00 00 00 00 00 00 00 00 00 00 00 00 00 00 00 00 00 00 00 00 00 00 00 00 00 00 00 00 00 00 00 00 00 00 00 00 00 00 00 00 00 00 00 00 00 00 00 00 00 00 00 00 00 00 00 00 00 00 00 00 00 00 00 00 00 00 00 00 00 00 00 00 00 00 00 00 00 00 00 00 00 00 00 00 00 00 00 00 00 00 00 00 00 00 00 00 00 00 00 00 00 00 00 00 00 00 00 00 00 00 00 00 00 00 00 00 00 00 00 00 00 00 00 00 00 00 00 00 00 00 00 00 00 00 00 00 00 00 00 00 00 00 00 00 00 00 00 00 00 00 00 00 00 00 00 00 00 00 00 00 00 00 00 00 00 00 00 00 00 00 00 00 00 00 00 00 00 00 00 00 00 00 00 00 00 00 00 00 00 00 00 00
 00 00 00
HKU\S-1-5-21-969113115-526510690-1455369939-1001\SOFTWARE\Microsoft\Windows\CurrentVersion\Explorer\UserAssist\{CEBFF5CD-ACE2-4F4F-9178-9926F41749EA}\Count\{1NP14R77-02R7-4R5Q-O744-2RO1NR5198O7}\pzq.rkr:  00 00 00 00 03 00 00 00 03 00 00 00 C0 5D 00 00 00 00 80 BF 00 00 80 BF 00 00 80 BF 00 00 80 BF 00 00 80 BF 00 00 80 BF 00 00 80 BF 00 00 80 BF 00 00 80 BF 00 00 80 BF FF FF FF FF A0 9F CC B2 55 02 D8 01 00 00 00 00
HKU\S-1-5-21-969113115-526510690-1455369939-1001\SOFTWARE\Microsoft\Windows\CurrentVersion\Explorer\UserAssist\{CEBFF5CD-ACE2-4F4F-9178-9926F41749EA}\Count\{1NP14R77-02R7-4R5Q-O744-2RO1NR5198O7}\pzq.rkr:  00 00 00 00 03 00 00 00 03 00 00 00 82 6F 00 00 00 00 80 BF 00 00 80 BF 00 00 80 BF 00 00 80 BF 00 00 80 BF 00 00 80 BF 00 00 80 BF 00 00 80 BF 00 00 80 BF 00 00 80 BF FF FF FF FF A0 9F CC B2 55 02 D8 01 00 00 00 00
HKU\S-1-5-21-969113115-526510690-1455369939-1001\SOFTWARE\Microsoft\Windows\CurrentVersion\Explorer\UserAssist\{CEBFF5CD-ACE2-4F4F-9178-9926F41749EA}\Count\P:\Hfref\yhpn\Qrfxgbc\cebprff zbavgbe\Cebpzba64.rkr:  00 00 00 00 02 00 00 00 02 00 00 00 18 79 00 00 00 00 80 BF 00 00 80 BF 00 00 80 BF 00 00 80 BF 00 00 80 BF 00 00 80 BF 00 00 80 BF 00 00 80 BF 00 00 80 BF 00 00 80 BF FF FF FF FF 20 3B B0 95 55 02 D8 01 00 00 00 00
HKU\S-1-5-21-969113115-526510690-1455369939-1001\SOFTWARE\Microsoft\Windows\CurrentVersion\Explorer\UserAssist\{CEBFF5CD-ACE2-4F4F-9178-9926F41749EA}\Count\P:\Hfref\yhpn\Qrfxgbc\cebprff zbavgbe\Cebpzba64.rkr:  00 00 00 00 02 00 00 00 03 00 00 00 C7 90 00 00 00 00 80 BF 00 00 80 BF 00 00 80 BF 00 00 80 BF 00 00 80 BF 00 00 80 BF 00 00 80 BF 00 00 80 BF 00 00 80 BF 00 00 80 BF FF FF FF FF 20 3B B0 95 55 02 D8 01 00 00 00 00
HKU\S-1-5-21-969113115-526510690-1455369939-1001\SOFTWARE\Microsoft\Windows\CurrentVersion\Explorer\UserAssist\{CEBFF5CD-ACE2-4F4F-9178-9926F41749EA}\Count\P:\Hfref\yhpn\Qrfxgbc\ertfubg\Ertfubg-1.9.0\Ertfubg-k86-Havpbqr.rkr:  00 00 00 00 01 00 00 00 02 00 00 00 14 43 00 00 00 00 80 BF 00 00 80 BF 00 00 80 BF 00 00 80 BF 00 00 80 BF 00 00 80 BF 00 00 80 BF 00 00 80 BF 00 00 80 BF 00 00 80 BF FF FF FF FF 70 F1 C6 AA 55 02 D8 01 00 00 00 00
HKU\S-1-5-21-969113115-526510690-1455369939-1001\SOFTWARE\Microsoft\Windows\CurrentVersion\Explorer\UserAssist\{CEBFF5CD-ACE2-4F4F-9178-9926F41749EA}\Count\P:\Hfref\yhpn\Qrfxgbc\ertfubg\Ertfubg-1.9.0\Ertfubg-k86-Havpbqr.rkr:  00 00 00 00 01 00 00 00 04 00 00 00 C0 5D 00 00 00 00 80 BF 00 00 80 BF 00 00 80 BF 00 00 80 BF 00 00 80 BF 00 00 80 BF 00 00 80 BF 00 00 80 BF 00 00 80 BF 00 00 80 BF FF FF FF FF 70 F1 C6 AA 55 02 D8 01 00 00 00 00
HKU\S-1-5-21-969113115-526510690-1455369939-1001\SOFTWARE\Classes\Local Settings\Software\Microsoft\Windows\CurrentVersion\AppModel\SystemAppData\Microsoft.Windows.ShellExperienceHost_cw5n1h2txyewy\HAM\AUI\App\V1\LU\ICT:  29 B4 ED 37 55 02 D8 01
HKU\S-1-5-21-969113115-526510690-1455369939-1001\SOFTWARE\Classes\Local Settings\Software\Microsoft\Windows\CurrentVersion\AppModel\SystemAppData\Microsoft.Windows.ShellExperienceHost_cw5n1h2txyewy\HAM\AUI\App\V1\LU\ICT:  D8 70 31 53 56 02 D8 01
HKU\S-1-5-21-969113115-526510690-1455369939-1001\SOFTWARE\Classes\Local Settings\Software\Microsoft\Windows\Shell\BagMRU\MRUListEx:  04 00 00 00 05 00 00 00 03 00 00 00 00 00 00 00 01 00 00 00 02 00 00 00 FF FF FF FF
HKU\S-1-5-21-969113115-526510690-1455369939-1001\SOFTWARE\Classes\Local Settings\Software\Microsoft\Windows\Shell\BagMRU\MRUListEx:  03 00 00 00 04 00 00 00 05 00 00 00 00 00 00 00 01 00 00 00 02 00 00 00 FF FF FF FF
HKU\S-1-5-21-969113115-526510690-1455369939-1001_Classes\Local Settings\Software\Microsoft\Windows\CurrentVersion\AppModel\SystemAppData\Microsoft.Windows.ShellExperienceHost_cw5n1h2txyewy\HAM\AUI\App\V1\LU\ICT:  29 B4 ED 37 55 02 D8 01
HKU\S-1-5-21-969113115-526510690-1455369939-1001_Classes\Local Settings\Software\Microsoft\Windows\CurrentVersion\AppModel\SystemAppData\Microsoft.Windows.ShellExperienceHost_cw5n1h2txyewy\HAM\AUI\App\V1\LU\ICT:  D8 70 31 53 56 02 D8 01
HKU\S-1-5-21-969113115-526510690-1455369939-1001_Classes\Local Settings\Software\Microsoft\Windows\Shell\BagMRU\MRUListEx:  04 00 00 00 05 00 00 00 03 00 00 00 00 00 00 00 01 00 00 00 02 00 00 00 FF FF FF FF
HKU\S-1-5-21-969113115-526510690-1455369939-1001_Classes\Local Settings\Software\Microsoft\Windows\Shell\BagMRU\MRUListEx:  03 00 00 00 04 00 00 00 05 00 00 00 00 00 00 00 01 00 00 00 02 00 00 00 FF FF FF FF

----------------------------------
Total changes: 14
----------------------------------
